coverage: 0.963020030816641
precision: 0.0032
recall: 0.0030816640986132513
f1: 0.0031397174254317113
