precision: 0.7528089887640449
recall: 0.33354075917859366
accuracy: 0.4457777777777778
f1: 0.46226821905993964
