coverage: 0.6498819826907947
precision: 0.19491525423728814
recall: 0.12667191188040913
f1: 0.15355269432522653
