precision: 0.9765395894428153
recall: 0.4144368388301182
accuracy: 0.5746666666666667
f1: 0.581913499344692
