coverage: 0.5214685749844431
precision: 0.2529832935560859
recall: 0.13192283758556317
f1: 0.17341513292433539
