coverage: 0.5619166148102054
precision: 0.22591362126245848
recall: 0.1269446172993155
f1: 0.16254980079681275
