coverage: 0.5837922895357985
precision: 0.22641509433962265
recall: 0.13217938630999213
f1: 0.16691505216095381
