precision: 0.748792270531401
recall: 0.19290603609209708
accuracy: 0.37733333333333335
f1: 0.3067788223651658
