precision: 0.7610738255033557
recall: 0.44610542879622345
accuracy: 0.5044943820224719
f1: 0.5625
