coverage: 0.5861526357199056
precision: 0.22684563758389262
recall: 0.13296616837136113
f1: 0.16765873015873017
