coverage: 0.5208462974486621
precision: 0.2520908004778972
recall: 0.13130056004978222
f1: 0.17266775777414076
