coverage: 0.9553734061930783
precision: 9.532888465204957E-4
recall: 9.107468123861566E-4
f1: 9.315323707498836E-4
