coverage: 0.5189794648413192
precision: 0.24820143884892087
recall: 0.12881144990665838
f1: 0.16960262187628025
