precision: 0.7487487487487487
recall: 0.5885129819040126
accuracy: 0.5651685393258427
f1: 0.6590308370044053
