precision: 0.7477477477477478
recall: 0.5877261998426436
accuracy: 0.5640449438202247
f1: 0.6581497797356829
